a<-12
b<-24
a
b
x2<-112
x3<-100
x4<-x2+x3
x4
x5<-25
x6<-21
x7<-x5*x6
x7








