StudID<-c(001,002,003,004)
Name<-c("Barnali","Riya","Alex","Maya")
Contact<-c(12345678,641681568,619164281,678117630)   
Address<-c("Konnagar","Murshidabad","Kolkata","Dum Dum")
Student<-data.frame(StudID,Name, Contact, Address)
Student

